20 dBm

0
105

5
105

10
96

15 
95

20
87

25
87

30
84

35
85

40
78

45
86

50
74

55
82

60
79

65
80

70
80

75
77

80
76

85
76

90
73

95
79

100
76


2 dBm
0
112

5
96

10
87

15
79

20
75

25
70

30
65

35
66

40
62

45
66

50
62


20 dbm
0
128

5
111

10
108

15
104

20
101

25
98

30
91

35
95

40
88

45
93

50
84

55
83

60
78

65
75

70
72

75
75

80
72

85
72

90
75

95
74

100
76

10 dbm
0
123

5
104

10
95

15
89

20
86

25
84

30
74

35
78

40
72

45
76

50
79








