1.0015
0.80958
0.46311
0.018937
-0.43455
-0.79811
-0.98703
-0.95415
-0.70365
-0.2917
0.18673
0.62124
0.91353
1.0013
0.87227
0.56367
0.14855
-0.28744
-0.67065
-0.95715
-1.1379
-1.2307
-1.2629
-1.2541
-1.2052
-1.1003
-0.91842
-0.64937
-0.30548
0.077402
0.45018
0.76723
1.0015
1.1504
1.2303
1.262
1.2557
1.2024
1.0776
0.85547
0.52726
0.11566
-0.32209
-0.70484
-0.94881
-0.99261
-0.81754
-0.45653
0.011165
0.47819
0.83503
0.9969
0.92471
0.63472
0.19495
-0.29093
-0.70823
-0.95837
-0.98225
-0.77422
-0.38343
0.097786
0.55581
0.88264
1.0015
0.88497
0.56147
0.10798
-0.36886
-0.75889
-0.97514
-0.97402
-0.76364
-0.39804
0.040603
0.46593
0.80993
1.0371
1.1464
1.1635
1.1259
1.0702
1.0237
1.0021
1.0115
1.0494
1.104
1.1528
1.1624
1.094
0.91559
0.61609
0.21675
-0.22633
-0.6318
-0.91283
-1.0015
-0.86985
-0.54107
-0.086644
0.38959
0.77639
0.98242
0.95879
0.71115
0.29828
-0.18245
-0.61916
-0.91291
-1.0014
-0.87258
-0.56394
-0.14872
0.28736
0.67063
0.95714
1.1379
1.2307
1.2629
1.2541
1.2052
1.1003
0.91841
0.6493
0.30529
-0.077782
-0.45076
-0.76782
-1.0015
-1.1487
-1.2252
-1.2522
-1.2413
-1.1871
-1.0705
-0.87115
-0.58283
-0.22321
0.16689
0.53482
0.83295
1.0332
1.1336
1.154
1.1259
1.0797
1.0365
1.0059
0.9885
0.98048
0.97774
0.97801
0.98154
0.99109
1.0109
1.0444
1.0894
1.1342
1.1555
1.1214
1.0015
0.77891
0.46056
0.0794
-0.31303
-0.66178
-0.925
-1.0851
-1.1503
-1.147
-1.108
-1.0608
-1.0221
-0.99778
-0.98663
-0.9847
-0.98802
-0.99339
-0.99834
-1.0012
-1.0016
-1.0004
-0.9993
-0.99945
-1.0007
-1.0017
-1.0009
-0.99748
-0.99228
-0.9871
-0.98455
-0.98798
-1.0015
-1.0287
-1.0699
-1.1172
-1.1516
-1.1437
-1.0613
-0.88043
-0.59783
-0.23637
0.15835
0.53066
0.83171
1.0334
1.1342
1.1544
1.1259
1.0793
1.0359
1.0057
0.98977
0.98474
0.98654
0.99163
0.99716
1.0008
1.0012
0.99811
0.99279
0.9874
0.98469
0.98803
1.0015
1.0287
1.0698
1.1169
1.151
1.1431
1.0609
0.8813
0.60137
0.24418
-0.14558
-0.51498
-0.81988
-1.038
-1.1718
-1.2403
-1.2638
-1.249
-1.1835
-1.0414
-0.79939
-0.45463
-0.036901
0.39175
0.75092
0.96469
0.98508
0.80745
0.47199
0.050773
-0.37476
-0.73762
-1.0015
-1.1638
-1.2458
-1.2739
-1.2626
-1.2052
-1.0781
-0.85501
-0.52664
-0.1152
0.32235
0.70495
0.94884
0.9926
0.81753
0.45653
-0.011168
-0.47819
-0.83503
-0.9969
-0.92471
-0.63472
-0.19495
0.29094
0.70824
0.95838
0.98224
0.77415
0.38325
-0.098162
-0.55639
-0.88322
-1.0015
-0.88327
-0.55653
-0.098461
0.38274
0.77352
0.98189
0.95925
0.71178
0.29875
-0.18219
-0.61905
-0.91288
-1.0014
-0.87258
-0.56394
-0.14873
0.28735
0.67062
0.95714
1.1379
1.2308
1.2632
1.2546
1.2058
1.1008
0.91788
0.64643
0.29844
-0.089599
-0.46621
-0.78124
-1.0015
-1.1191
-1.1498
-1.124
-1.0748
-1.029
-1.0038
-1.0067
-1.0369
-1.0851
-1.1321
-1.1493
-1.1033
-0.96578
-0.7251
-0.39437
-0.011162
0.37272
0.70762
0.96148
1.1274
1.2193
1.259
1.2599
1.2173
1.1092
0.90901
0.60368
0.2092
-0.22434
-0.62143
-0.90116
-1.0015
-0.89883
-0.61577
-0.21414
0.22379
0.61902
0.91612
1.0935
1.1617
1.1524
1.1038
1.0493
1.0115
1.0021
1.0237
1.0702
1.1259
1.1635
1.1464
1.0371
0.80993
0.46593
0.040605
-0.39803
-0.76363
-0.97402
-0.97515
-0.75896
-0.36905
0.1076
0.56088
0.88437
1.0015
0.88442
0.56102
0.1079
-0.36854
-0.75833
-0.97481
-0.97488
-0.76717
-0.40584
0.027839
0.45025
0.79809
1.0416
1.1841
1.2496
1.2642
1.2405
1.1718
1.038
0.81984
0.51487
0.14532
-0.24465
-0.602
-0.88176
-1.0604
-1.1402
-1.1442
-1.1051
-1.0543
-1.0153
-1.0015
-1.0176
-1.0601
-1.1156
-1.1593
-1.1562
-1.0679
-0.8652
-0.54288
-0.12929
0.31329
0.70056
0.94753
0.9928
0.81821
0.45724
-0.010487
-0.47748
-0.83435
-0.99671
-0.92601
-0.63911
-0.20402
0.27684
0.69199
0.94818
0.99251
0.82327
0.48669
0.060503
-0.37014
-0.73644
-1.0015
-1.1627
-1.2413
-1.2644
-1.2483
-1.19
-1.071
-0.87068
-0.5822
-0.22273
0.16715
0.53493
0.83297
1.0332
1.1336
1.154
1.1259
1.0797
1.0365
1.0059
0.98851
0.98048
0.97774
0.97801
0.98154
0.99109
1.0109
1.0443
1.0892
1.1339
1.1549
1.1208
1.0015
0.78065
0.46563
0.089219
-0.29863
-0.6465
-0.91789
-1.1008
-1.2058
-1.2546
-1.2632
-1.2308
-1.1379
-0.95714
-0.67062
-0.28735
0.14873
0.56394
0.87258
1.0014
0.91288
0.61905
0.1822
-0.29874
-0.71177
-0.95924
-0.98191
-0.77359
-0.38293
0.098077
0.55594
0.88267
1.0015
0.885
0.56159
0.10827
-0.36835
-0.75826
-0.9748
-0.97489
-0.76718
-0.40585
0.027841
0.45025
0.7981
1.0416
1.1841
1.2494
1.2638
1.2399
1.1712
1.0378
0.82114
0.51925
0.15438
-0.23055
-0.58574
-0.87156
-1.0707
-1.1893
-1.2476
-1.2637
-1.2406
-1.1621
-1.0015
-0.73818
-0.37522
0.050685
0.47231
0.80801
0.98541
0.96383
0.74739
0.38394
-0.049665
-0.47031
-0.81123
-1.0369
-1.1458
-1.163
-1.1256
-1.0701
-1.0236
-1.0021
-1.0115
-1.0493
-1.1038
-1.1524
-1.1617
-1.0935
-0.91612
-0.61902
-0.22379
0.21413
0.61576
0.89882
1.0015
0.90119
0.62156
0.22463
-0.2087
-0.60306
-0.90867
-1.11
-1.2208
-1.2675
-1.2713
-1.2344
-1.1387
-0.95719
-0.67228
-0.29275
0.13823
0.54908
0.85808
0.99756
0.93518
0.68438
0.30036
-0.13686
-0.54588
-0.86564
-1.068
-1.1584
-1.1656
-1.1271
-1.0754
-1.031
-1.0015
-0.9857
-0.97903
-0.9772
-0.97821
-0.98277
-0.99408
-1.0165
-1.0527
-1.099
-1.1413
-1.1542
-1.1051
-0.96534
-0.72216
-0.38773
0.0003371
0.38844
0.72283
0.96554
1.1038
1.1499
1.1325
1.0853
1.037
1.0068
1.0038
1.029
1.0748
1.124
1.1498
1.1191
1.0015
0.78124
0.46621
0.089597
-0.29845
-0.64644
-0.91789
-1.1008
-1.2057
-1.2543
-1.2628
-1.2302
-1.1374
-0.95738
-0.67289
-0.29329
0.1379
0.54892
0.85803
0.99756
0.93519
0.68439
0.30036
-0.13686
-0.54588
-0.86564
-1.068
-1.1584
-1.1656
-1.1271
-1.0754
-1.031
-1.0015
-0.98567
-0.9789
-0.97691
-0.9777
-0.98214
-0.99374
-1.0174
-1.0562
-1.1068
-1.1541
-1.1698
-1.1169
-0.96082
-0.68455
-0.30182
0.13823
0.55816
0.87036
1.0012
0.91343
0.61976
0.18287
-0.29806
-0.71107
-0.95878
-0.98243
-0.7764
-0.38959
0.086641
0.54107
0.86985
1.0015
0.91283
0.6318
0.22633
-0.21675
-0.61608
-0.91558
-1.094
-1.1624
-1.1531
-1.1045
-1.05
-1.0121
-1.0019
-1.0214
-1.0643
-1.1151
-1.1485
-1.1319
-1.0332
-0.83222
-0.53116
-0.15851
0.23661
0.59837
0.88086
1.0608
1.1409
1.1449
1.1058
1.055
1.0159
1.0015
1.0159
1.055
1.1058
1.1449
1.1409
1.0607
0.88088
0.59845
0.23683
-0.15809
-0.53055
-0.83168
-1.0334
-1.1342
-1.1544
-1.1259
-1.0793
-1.0359
-1.0057
-0.98977
-0.98474
-0.98654
-0.99164
-0.99717
-1.0008
-1.0012
-0.99804
-0.9926
-0.98701
-0.9841
-0.98743
-1.0015
-1.0305
-1.075
-1.127
-1.166
-1.159
-1.0684
-0.86477
-0.54235
-0.12905
0.31312
0.70006
0.94702
0.99303
0.82047
0.46317
0.00033711
-0.46246
-0.8198
-0.99284
-0.9483
-0.70434
-0.32193
0.11541
0.52671
0.85502
1.0781
1.2053
1.2627
1.2742
1.2463
1.1644
1.0015
0.73589
0.36969
-0.06059
-0.48638
-0.82272
-0.99218
-0.94903
-0.69543
-0.28442
0.19168
0.62404
0.91472
1.001
0.86969
0.55745
0.13756
-0.30253
-0.68522
-0.96101
-1.1156
-1.1656
-1.1453
-1.0931
-1.0406
-1.0076
-1.0035
-1.0285
-1.0745
-1.1241
-1.1503
-1.1196
-1.0015
-0.77947
-0.46102
-0.079488
0.31335
0.66234
0.92533
1.0842
1.1467
1.1392
1.0952
1.0451
1.0102
1.0023
1.0243
1.0708
1.1263
1.1637
1.1465
1.0371
0.80993
0.46592
0.040601
-0.39803
-0.76363
-0.97402
-0.97515
-0.75896
-0.36905
0.1076
0.56089
0.88438
1.0015
0.88438
0.56089
0.1076
-0.36905
-0.75896
-0.97515
-0.97402
-0.76363
-0.39803
0.040601
0.46592
0.80993
1.0371
1.1465
1.1637
1.1263
1.0708
1.0243
1.0023
1.0102
1.045
1.095
1.1387
1.1461
1.0838
0.92586
0.66521
0.3202
-0.06767
-0.44556
-0.76605
-1.0015
-1.1492
-1.2257
-1.2523
-1.241
-1.1865
-1.0702
-0.87199
-0.58628
-0.23079
0.15455
0.51975
0.82165
1.0375
1.1689
1.234
1.253
1.2344
1.1695
1.0377
0.82038
0.51549
0.14575
-0.24443
-0.60191
-0.88174
-1.0604
-1.1402
-1.1442
-1.1051
-1.0543
-1.0153
-1.0015
-1.0176
-1.06
-1.1153
-1.1588
-1.1555
-1.0675
-0.86609
-0.5465
-0.13732
0.3001
0.68428
0.93516
0.99757
0.85809
0.54908
0.13823
-0.29275
-0.67228
-0.95719
-1.1387
-1.2344
-1.2713
-1.2675
-1.2207
-1.11
-0.90868
-0.60312
-0.20889
0.22425
0.62097
0.90061
1.0015
0.90056
0.62084
0.22395
-0.20939
-0.60375
-0.90902
-1.1092
-1.2173
-1.2599
-1.259
-1.2193
-1.1274
-0.96148
-0.70762
-0.37272
0.011162
0.39437
0.7251
0.96578
1.1033
1.1493
1.1321
1.0851
1.0369
1.0067
1.0038
1.029
1.0748
1.1241
1.1498
1.1191
1.0015
0.7812
0.46608
0.089301
-0.29896
-0.64707
-0.91823
-1.0999
-1.2022
-1.2465
-1.25
-1.2145
-1.1256
-0.96191
-0.7105
-0.3792
8.7997e-09
0.3792
0.7105
0.96191
1.1256
1.2145
1.25
1.2465
1.2022
1.0999
0.91824
0.64714
0.29914
-0.088925
-0.46551
-0.78062
-1.0015
-1.1208
-1.1548
-1.1336
-1.0887
-1.0437
-1.0106
-0.99195
-0.985
-0.9856
-0.99008
-0.99554
-0.9998
-1.0016
-1.0012
-0.99972
-0.99885
-0.99933
-1.0006
-1.0015
-1.001
-0.9997
-0.99862
-0.99876
-1
-1.0012
-1.0014
-1.0003
-0.99895
-0.99854
-0.99942
-1.0008
-1.0015
-1.0009
-0.99956
-0.99884
-0.99946
-1.0009
-1.0017
-1.0004
-0.99646
-0.99095
-0.98587
-0.98404
-0.98922
-1.006
-1.0382
-1.0851
-1.1364
-1.1689
-1.1481
-1.0371
-0.8107
-0.4697
-0.049241
0.38416
0.74747
0.96384
0.9854
0.808
0.4723
0.050683
-0.37522
-0.73818
-1.0015
-1.1621
-1.2406
-1.2637
-1.2477
-1.1893
-1.0707
-0.87154
-0.58566
-0.23033
0.15481
0.51986
0.82167
1.0375
1.1689
1.234
1.253
1.2344
1.1695
1.0377
0.82041
0.51559
0.14601
-0.24395
-0.60128
-0.88128
-1.0609
-1.1432
-1.1512
-1.1173
-1.0704
-1.0293
-1.0015
-0.98626
-0.97948
-0.97729
-0.97789
-0.98222
-0.99376
-1.0173
-1.0561
-1.1065
-1.1537
-1.1692
-1.1164
-0.96106
-0.68687
-0.30791
0.12707
0.5426
0.8552
0.99714
0.93697
0.68916
0.30933
-0.12348
-0.5308
-0.85634
-1.0772
-1.2017
-1.2552
-1.2617
-1.2302
-1.1504
-1.0015
-0.76724
-0.45018
-0.077403
0.30548
0.64938
0.91842
1.1003
1.2051
1.2539
1.2625
1.2301
1.1374
0.95738
0.6729
0.2933
-0.13789
-0.54892
-0.85803
-0.99756
-0.93519
-0.68439
-0.30036
0.13686
0.54588
0.86564
1.068
1.1584
1.1656
1.1271
1.0754
1.031
1.0015
0.98567
0.9789
0.97691
0.9777
0.98214
0.99374
1.0174
1.0562
1.1068
1.1541
1.1698
1.1169
0.96082
0.6846
0.30198
-0.1379
-0.55762
-0.86975
-1.001
-0.91468
-0.62393
-0.19142
0.28489
0.69606
0.94948
0.99165
0.81985
0.47953
0.048768
-0.38515
-0.74931
-1.0015
-1.1348
-1.1708
-1.1458
-1.0957
-1.0466
-1.0111
-0.9915
-0.98445
-0.98535
-0.99024
-0.99604
-1.0003
-1.0014
-0.99897
-0.99394
-0.98836
-0.98487
-0.98669
-0.99779
-1.0221
-1.0607
-1.1077
-1.1465
-1.1496
-1.0846
-0.92553
-0.66465
-0.31988
0.067582
0.4451
0.76549
1.0015
1.151
1.2309
1.2624
1.2559
1.2024
1.0776
0.85548
0.52734
0.11588
-0.32167
-0.70423
-0.94827
-0.99285
-0.81986
-0.46263
-3.3903e-06
0.46262
0.81985
0.99284
0.94829
0.70433
0.32193
-0.11541
-0.52671
-0.85502
-1.0781
-1.2053
-1.2627
-1.2742
-1.2463
-1.1644
-1.0015
-0.73589
-0.36969
0.06059
0.48638
0.82272
0.99218
0.94903
0.69543
0.28442
-0.19168
-0.62404
-0.91472
-1.001
-0.86969
-0.55745
-0.13756
0.30253
0.68522
0.96101
1.1156
1.1656
1.1453
1.0931
1.0406
1.0076
1.0035
1.0284
1.0743
1.1237
1.1497
1.119
1.0015
0.78125
0.46622
0.089603
-0.29844
-0.64643
-0.91788
-1.1008
-1.2058
-1.2546
-1.2632
-1.2308
-1.1379
-0.95714
-0.67062
-0.28735
0.14873
0.56394
0.87258
1.0014
0.91288
0.61905
0.1822
-0.29874
-0.71177
-0.95924
-0.98191
-0.77359
-0.38293
0.098077
0.55594
0.88267
1.0015
0.885
0.56159
0.10827
-0.36834
-0.75825
-0.97479
-0.97491
-0.76726
-0.40607
0.027418
0.44964
0.79756
1.0418
1.1863
1.2554
1.2746
1.255
1.1858
1.0416
0.79883
0.45391
0.036218
-0.39244
-0.75164
-0.96517
-0.98454
-0.8045
-0.46494
-0.038573
0.3908
0.75163
1.0015
1.1325
1.1653
1.1359
1.0817
1.0319
1.0044
1.0063
1.0363
1.0846
1.1318
1.1492
1.1033
0.96578
0.72511
0.39438
0.011165
-0.37272
-0.70762
-0.96148
-1.1274
-1.2193
-1.259
-1.2599
-1.2173
-1.1092
-0.90902
-0.60375
-0.20939
0.22396
0.62085
0.90057
1.0015
0.90057
0.62085
0.22396
-0.20939
-0.60375
-0.90902
-1.1092
-1.2173
-1.2599
-1.259
-1.2193
-1.1273
-0.96149
-0.70767
-0.37288
0.010824
0.39382
0.72448
0.96559
1.1046
1.1535
1.1409
1.0987
1.0526
1.0165
0.9941
0.98285
0.9784
0.97758
0.97961
0.98628
1.0015
1.0293
1.0705
1.1176
1.1518
1.1438
1.0613
0.88041
0.59774
0.23614
-0.15877
-0.53126
-0.83224
-1.0332
-1.1319
-1.1486
-1.1154
-1.0648
-1.022
-1.0021
-1.0108
-1.0457
-1.0956
-1.1394
-1.1468
-1.0842
-0.92533
-0.6624
-0.31353
0.079111
0.46043
0.77889
1.0015
1.1214
1.1553
1.1339
1.0889
1.0437
1.0106
0.99196
0.98507
0.98582
0.9905
0.99614
1.0003
1.0014
0.99896
0.99394
0.98836
0.98486
0.98669
0.99779
1.0221
1.0607
1.1077
1.1465
1.1496
1.0846
0.92553
0.66465
0.31988
-0.067586
-0.44511
-0.7655
-1.0015
-1.151
-1.2308
-1.2621
-1.2554
-1.2018
-1.0772
-0.85635
-0.53088
-0.12369
0.30891
0.68855
0.93643
0.99738
0.85747
0.54854
0.1379
-0.2929
-0.67233
-0.9572
-1.1386
-1.2343
-1.2713
-1.2675
-1.2208
-1.11
-0.90867
-0.60306
-0.2087
0.22463
0.62156
0.90119
1.0015
0.89882
0.61576
0.21413
-0.22379
-0.61902
-0.91612
-1.0935
-1.1617
-1.1524
-1.1038
-1.0493
-1.0115
-1.0021
-1.0236
-1.0701
-1.1256
-1.163
-1.1458
-1.0369
-0.81121
-0.4702
-0.049408
0.3844
0.74801
0.96428
0.98488
0.80514
0.46545
0.038868
-0.39068
-0.7516
-1.0015
-1.1325
-1.1651
-1.1356
-1.0812
-1.0313
-1.004
-1.0072
-1.0399
-1.0925
-1.1446
-1.1648
-1.1151
-0.96125
-0.68745
-0.30831
0.12706
0.54299
0.85576
0.99732
0.93573
0.685
0.30078
-0.13664
-0.5458
-0.86563
-1.068
-1.1584
-1.1654
-1.1267
-1.0748
-1.0304
-1.0015
-0.98744
-0.9841
-0.98702
-0.9926
-0.99804
-1.0012
-1.0008
-0.99717
-0.99164
-0.98654
-0.98474
-0.98977
-1.0057
-1.0359
-1.0793
-1.1259
-1.1544
-1.1342
-1.0334
-0.83171
-0.53066
-0.15835
0.23637
0.59783
0.88043
1.0613
1.1437
1.1516
1.1172
1.0699
1.0287
1.0015
0.98802
0.98468
0.9874
0.99279
0.99812
1.0012
1.0008
0.99708
0.99142
0.98612
0.98414
0.98924
1.006
1.0382
1.0851
1.1364
1.1689
1.1481
1.0371
0.81067
0.46959
0.048987
-0.38462
-0.74809
-0.96429
-0.98489
-0.8052
-0.46564
-0.039249
0.39009
0.75101
1.0015
1.1342
1.1704
1.1457
1.096
1.0472
1.0115
0.99064
0.98092
0.97754
0.97748
0.98036
0.98847
1.0059
1.0366
1.0799
1.1263
1.1546
1.1342
1.0334
0.83168
0.53054
0.15808
-0.23684
-0.59846
-0.88089
-1.0607
-1.1408
-1.1447
-1.1054
-1.0544
-1.0153
-1.0015
-1.0176
-1.06
-1.1153
-1.1588
-1.1555
-1.0675
-0.86609
-0.5465
-0.13732
0.3001
0.68428
0.93516
0.99757
0.85809
0.54909
0.13824
-0.29274
-0.67227
-0.95719
-1.1387
-1.2345
-1.2716
-1.268
-1.2214
-1.1105
-0.90815
-0.60026
-0.20204
0.23606
0.63642
0.91402
1.0015
0.87099
0.54556
0.096076
-0.37538
-0.76119
-0.97533
-0.97445
-0.76663
-0.4056
0.027677
0.44975
0.79759
1.0418
1.1863
1.2553
1.2746
1.255
1.1857
1.0416
0.79885
0.45402
0.036475
-0.39197
-0.75101
-0.96471
-0.98506
-0.80737
-0.47179
-0.050387
0.37535
0.73822
1.0015
1.1621
1.2406
1.2637
1.2476
1.1893
1.0707
0.87156
0.58574
0.23055
-0.15439
-0.51926
-0.82115
-1.0378
-1.1711
-1.2398
-1.2635
-1.2489
-1.1834
-1.0414
-0.7994
-0.45463
-0.036906
0.39174
0.75092
0.96469
0.98508
0.80745
0.47199
0.050773
-0.37476
-0.73762
-1.0015
-1.1638
-1.2458
-1.2739
-1.2626
-1.2052
-1.0781
-0.85501
-0.52664
-0.1152
0.32235
0.70494
0.94883
0.99261
0.81758
0.45668
-0.010831
-0.47764
-0.83441
-0.99671
-0.92598
-0.63899
-0.20376
0.2773
0.69261
0.94863
0.99199
0.82047
0.48003
0.049065
-0.38501
-0.74927
-1.0015
-1.1348
-1.1709
-1.1461
-1.0962
-1.0472
-1.0115
-0.99061
-0.98082
-0.97732
-0.97705
-0.97975
-0.98793
-1.0062
-1.0388
-1.0858
-1.1371
-1.1696
-1.1488
-1.0373
-0.80939
-0.46531
-0.040175
0.39826
0.76373
0.97404
0.97513
0.75888
0.36885
-0.10798
-0.56147
-0.88497
-1.0015
-0.88264
-0.55581
-0.097783
0.38344
0.77422
0.98225
0.95835
0.70815
0.29071
-0.19538
-0.63534
-0.92525
-0.99666
-0.8327
-0.4721
1.7334e-16
0.4721
0.8327
0.99666
0.92525
0.63534
0.19538
-0.29071
-0.70815
-0.95835
-0.98225
-0.77422
-0.38344
0.097783
0.55581
0.88264
1.0015
0.88497
0.56147
0.10798
-0.36886
-0.75889
-0.97514
-0.97402
-0.76364
-0.39804
0.040598
0.46592
0.80993
1.0371
1.1465
1.1637
1.1263
1.0708
1.0243
1.0023
1.0102
1.045
1.095
1.1387
1.1461
1.0838
0.92586
0.66521
0.3202
-0.06767
-0.44556
-0.76605
-1.0015
-1.1492
-1.2257
-1.2523
-1.241
-1.1865
-1.0702
-0.87199
-0.58628
-0.23079
0.15455
0.51975
0.82165
1.0375
1.1689
1.234
1.253
1.2344
1.1695
1.0377
0.82038
0.51549
0.14575
-0.24442
-0.6019
-0.88173
-1.0604
-1.1403
-1.1444
-1.1055
-1.0549
-1.0159
-1.0015
-1.0159
-1.0549
-1.1055
-1.1444
-1.1403
-1.0604
-0.88175
-0.60199
-0.24464
0.14533
0.51488
0.81985
1.038
1.1718
1.2403
1.2638
1.249
1.1835
1.0414
0.79939
0.45462
0.036899
-0.39175
-0.75093
-0.96469
-0.98507
-0.80738
-0.4718
-0.050393
0.37534
0.73821
1.0015
1.1621
1.2407
1.264
1.2482
1.19
1.071
0.87069
0.58221
0.22274
-0.16715
-0.53492
-0.83297
-1.0332
-1.1336
-1.154
-1.1259
-1.0797
-1.0365
-1.0059
-0.98848
-0.98037
-0.97749
-0.97754
-0.98092
-0.99064
-1.0115
-1.0472
-1.096
-1.1457
-1.1703
-1.1342
-1.0015
-0.75104
-0.39022
0.038956
0.46513
0.80458
0.98455
0.96514
0.75154
0.39221
-0.036649
-0.45453
-0.79937
-1.0414
-1.1834
-1.2489
-1.2635
-1.2398
-1.1711
-1.0378
-0.82115
-0.51926
-0.15439
0.23055
0.58574
0.87156
1.0707
1.1893
1.2476
1.2637
1.2406
1.1621
1.0015
0.73818
0.37522
-0.050685
-0.47231
-0.80801
-0.98541
-0.96383
-0.74739
-0.38394
0.049665
0.47031
0.81123
1.0369
1.1458
1.163
1.1256
1.0701
1.0236
1.0021
1.0115
1.0494
1.104
1.1528
1.1624
1.094
0.91559
0.61609
0.21675
-0.22633
-0.63181
-0.91284
-1.0015
-0.86981
-0.54094
-0.086348
0.3901
0.77702
0.98276
0.95792
0.70762
0.29047
-0.19521
-0.63483
-0.92474
-0.9969
-0.83497
-0.47803
-0.010828
0.45708
0.81815
0.99279
0.94756
0.70068
0.31355
-0.12883
-0.54226
-0.86476
-1.0684
-1.159
-1.166
-1.127
-1.075
-1.0305
-1.0015
-0.9874
-0.98397
-0.98672
-0.99209
-0.99741
-1.0008
-1.0017
-1.0007
-0.99945
-0.9993
-1.0004
-1.0016
-1.0012
-0.99834
-0.99339
-0.98802
-0.9847
-0.98663
-0.99778
-1.0221
-1.0608
-1.108
-1.147
-1.1503
-1.0851
-0.92499
-0.66171
-0.31284
0.079784
0.46115
0.77951
1.0015
1.1196
1.1503
1.1241
1.0745
1.0285
1.0035
1.0076
1.0406
1.0931
1.1453
1.1656
1.1157
0.96101
0.68517
0.30237
-0.1379
-0.55801
-0.87031
-1.0012
-0.91342
-0.61966
-0.18262
0.29852
0.71169
0.95922
0.98191
0.77359
0.38293
-0.098075
-0.55594
-0.88267
-1.0015
-0.885
-0.56159
-0.10827
0.36834
0.75825
0.97479
0.97491
0.76726
0.40607
-0.027413
-0.44964
-0.79756
-1.0418
-1.1864
-1.2555
-1.275
-1.2555
-1.1864
-1.0418
-0.79758
-0.44974
-0.02767
0.4056
0.76664
0.97446
0.97532
0.76112
0.37519
-0.09646
-0.54614
-0.87159
-1.0015
-0.91224
-0.63122
-0.22595
0.21694
0.61615
0.91559
1.094
1.1624
1.1531
1.1044
1.05
1.0121
1.0019
1.0214
1.0643
1.1151
1.1485
1.1319
1.0332
0.83222
0.53116
0.15851
-0.23661
-0.59837
-0.88086
-1.0608
-1.1409
-1.1449
-1.1058
-1.055
-1.0159
-1.0015
-1.0159
-1.055
-1.1058
-1.1449
-1.1409
-1.0607
-0.88088
-0.59845
-0.23683
0.15809
0.53055
0.83168
1.0334
1.1342
1.1544
1.1259
1.0793
1.036
1.0058
0.98974
0.98464
0.98629
0.99117
0.99655
1.0004
1.0017
1.0009
0.99945
0.99883
0.99955
1.0009
1.0015
1.0009
0.99955
0.99884
0.99946
1.0009
1.0017
1.0004
0.99646
0.99095
0.98587
0.98404
0.98922
1.006
1.0382
1.0851
1.1364
1.1689
1.1481
1.0371
0.81067
0.46959
0.048987
-0.38462
-0.74809
-0.96429
-0.98489
-0.8052
-0.46564
-0.039245
0.3901
0.75102
1.0015
1.1342
1.1702
1.1454
1.0955
1.0465
1.0111
0.99151
0.98446
0.98535
0.99024
0.99604
1.0003
1.0014
0.99897
0.99394
0.98836
0.98486
0.98668
0.99778
1.0221
1.0608
1.108
1.147
1.1503
1.0851
0.925
0.66178
0.31303
-0.079404
-0.46056
-0.77892
-1.0015
-1.1213
-1.1553
-1.1339
-1.0889
-1.0437
-1.0106
-0.99194
-0.98499
-0.98559
-0.99007
-0.99553
-0.9998
-1.0016
-1.0012
-0.99987
-0.99919
-0.99988
-1.0012
-1.0017
-0.99977
-0.99543
-0.98982
-0.98513
-0.98436
-0.99148
-1.0111
-1.0466
-1.0957
-1.1458
-1.1708
-1.1348
-1.0015
-0.74931
-0.38515
0.048765
0.47952
0.81984
0.99165
0.9495
0.69614
0.28511
-0.191
-0.62332
-0.91415
-1.0012
-0.87202
-0.56355
-0.14873
0.28696
0.67005
0.95695
1.1392
1.2351
1.272
1.2682
1.2215
1.1105
0.90814
0.60018
0.20185
-0.23645
-0.63701
-0.91461
-1.0015
-0.86925
-0.54048
-0.08626
0.38978
0.77646
0.98243
0.95879
0.71115
0.29828
-0.18245
-0.61915
-0.9129
-1.0014
-0.87263
-0.56409
-0.14906
0.28681
0.67001
0.95695
1.1392
1.235
1.2717
1.2677
1.2208
1.1101
0.90867
0.60312
0.20888
-0.22425
-0.62097
-0.9006
-1.0015
-0.9006
-0.62097
-0.22425
0.20888
0.60312
0.90867
1.1101
1.2208
1.2677
1.2717
1.235
1.1392
0.95695
0.67001
0.28681
-0.14906
-0.5641
-0.87264
-1.0014
-0.91287
-0.61904
-0.18219
0.29875
0.71178
0.95925
0.98189
0.77352
0.38274
-0.098457
-0.55652
-0.88326
-1.0015
-0.88326
-0.55652
-0.098457
0.38274
0.77352
0.98189
0.95925
0.71178
0.29875
-0.18219
-0.61904
-0.91287
-1.0014
-0.87264
-0.5641
-0.14906
0.28681
0.67
0.95695
1.1392
1.2351
1.272
1.2682
1.2215
1.1105
0.90814
0.60018
0.20185
-0.23645
-0.63701
-0.91461
-1.0015
-0.86925
-0.54048
-0.08626
0.38978
0.77646
0.98243
0.95879
0.71115
0.29828
-0.18245
-0.61915
-0.9129
-1.0014
-0.87263
-0.56409
-0.14906
0.28681
0.67
0.95695
1.1392
1.2351
1.272
1.2682
1.2215
1.1105
0.90815
0.60025
0.20203
-0.23607
-0.63642
-0.91402
-1.0015
-0.87099
-0.54556
-0.096076
0.37538
0.76119
0.97533
0.97445
0.76663
0.4056
-0.027672
-0.44974
-0.79758
-1.0418
-1.1864
-1.2555
-1.275
-1.2555
-1.1864
-1.0418
-0.79758
-0.44974
-0.027672
0.4056
0.76663
0.97445
0.97533
0.76119
0.37538
-0.09608
-0.54556
-0.871
-1.0015
-0.91398
-0.63629
-0.23577
0.20254
0.60088
0.90849
1.1096
1.2179
1.2604
1.2592
1.2194
1.1274
0.96148
0.70761
0.37272
-0.011168
-0.39438
-0.72511
-0.96578
-1.1033
-1.1492
-1.1318
-1.0846
-1.0363
-1.0063
-1.0044
-1.032
-1.0818
-1.1362
-1.1659
-1.1331
-1.0015
-0.74986
-0.3856
0.048688
0.47985
0.82041
0.99199
0.94862
0.69253
0.27709
-0.20418
-0.6396
-0.92651
-0.99648
-0.83214
-0.47171
-3.3903e-06
0.4717
0.83213
0.99647
0.92654
0.63971
0.20444
-0.27662
-0.6919
-0.94816
-0.99251
-0.82328
-0.4867
-0.060502
0.37015
0.73645
1.0015
1.1626
1.2411
1.2641
1.2478
1.1894
1.0707
0.87155
0.58574
0.23055
-0.15439
-0.51925
-0.82114
-1.0378
-1.1712
-1.2399
-1.2638
-1.2494
-1.184
-1.0416
-0.79813
-0.45036
-0.028098
0.40538
0.76655
0.97444
0.97532
0.76113
0.3752
-0.096457
-0.54614
-0.87159
-1.0015
-0.91224
-0.63122
-0.22595
0.21694
0.61615
0.9156
1.094
1.1623
1.1528
1.104
1.0494
1.0115
1.0021
1.0236
1.0701
1.1256
1.163
1.1458
1.0369
0.81121
0.4702
0.049411
-0.3844
-0.748
-0.96427
-0.98489
-0.80521
-0.46564
-0.039248
0.3901
0.75102
1.0015
1.1342
1.1702
1.1454
1.0955
1.0465
1.0111
0.99149
0.98437
0.98513
0.98982
0.99544
0.99978
1.0016
1.0012
0.99972
0.99885
0.99933
1.0006
1.0015
1.0011
0.99981
0.99888
0.99923
1.0006
1.0017
1.0009
0.99749
0.99228
0.9871
0.98455
0.98798
1.0015
1.0287
1.0699
1.1172
1.1516
1.1437
1.0613
0.88043
0.59783
0.23637
-0.15834
-0.53065
-0.8317
-1.0334
-1.1342
-1.1546
-1.1263
-1.0799
-1.0366
-1.0059
-0.98847
-0.98036
-0.97748
-0.97754
-0.98092
-0.99064
-1.0115
-1.0472
-1.096
-1.1457
-1.1704
-1.1342
-1.0015
-0.75101
-0.39009
0.039249
0.46564
0.8052
0.98489
0.96429
0.74809
0.38462
-0.048982
-0.46959
-0.81066
-1.0371
-1.1481
-1.1691
-1.1367
-1.0856
-1.0388
-1.0062
-0.98794
-0.97976
-0.97706
-0.97732
-0.98083
-0.99062
-1.0115
-1.0472
-1.0961
-1.1457
-1.1704
-1.1342
-1.0015
-0.75101
-0.39009
0.039249
0.46564
0.8052
0.98489
0.96429
0.74809
0.38462
-0.048982
-0.46959
-0.81066
-1.0371
-1.1481
-1.1691
-1.1367
-1.0856
-1.0388
-1.0062
-0.98794
-0.97976
-0.97706
-0.97732
-0.98083
-0.99061
-1.0115
-1.0472
-1.0962
-1.1461
-1.1709
-1.1348
-1.0015
-0.74931
-0.38514
0.048769
0.47952
0.81984
0.99165
0.9495
0.69614
0.28511
-0.191
-0.62332
-0.91415
-1.0012
-0.87202
-0.56355
-0.14872
0.28697
0.67006
0.95696
1.1392
1.235
1.2717
1.2677
1.2208
1.1101
0.90867
0.60312
0.20888
-0.22425
-0.62097
-0.9006
-1.0015
-0.9006
-0.62097
-0.22425
0.20888
0.60312
0.90867
1.1101
1.2208
1.2677
1.2717
1.235
1.1392
0.95695
0.67001
0.28681
-0.14906
-0.5641
-0.87263
-1.0014
-0.91287
-0.61904
-0.18219
0.29874
0.71177
0.95924
0.98191
0.77359
0.38293
-0.098077
-0.55594
-0.88267
-1.0015
-0.885
-0.56159
-0.10827
0.36834
0.75825
0.97479
0.97491
0.76726
0.40607
-0.027418
-0.44964
-0.79756
-1.0418
-1.1863
-1.2554
-1.2746
-1.255
-1.1858
-1.0416
-0.79883
-0.45391
-0.036221
0.39243
0.75163
0.96516
0.98455
0.80457
0.46513
0.038949
-0.39023
-0.75105
-1.0015
-1.1342
-1.1702
-1.1454
-1.0955
-1.0465
-1.0111
-0.99151
-0.98446
-0.98535
-0.99024
-0.99604
-1.0003
-1.0014
-0.99897
-0.99394
-0.98836
-0.98486
-0.98668
-0.99778
-1.0221
-1.0608
-1.108
-1.147
-1.1503
-1.0851
-0.925
-0.66178
-0.31303
0.0794
0.46056
0.77891
1.0015
1.1214
1.1555
1.1342
1.0894
1.0444
1.0109
0.99107
0.98145
0.97778
0.97731
0.97986
0.98796
1.0062
1.0388
1.0858
1.1371
1.1696
1.1488
1.0373
0.80939
0.46531
0.040175
-0.39826
-0.76373
-0.97404
-0.97513
-0.75888
-0.36885
0.10798
0.56147
0.88497
1.0015
0.88264
0.55581
0.097783
-0.38344
-0.77422
-0.98225
-0.95835
-0.70815
-0.29071
0.19538
0.63534
0.92525
0.99666
0.8327
0.4721
-6.2322e-17
-0.4721
-0.8327
-0.99666
-0.92525
-0.63534
-0.19538
0.29071
0.70815
0.95835
0.98225
0.77422
0.38344
-0.097783
-0.55581
-0.88264
-1.0015
-0.88497
-0.56147
-0.10798
0.36885
0.75888
0.97513
0.97404
0.76373
0.39826
-0.040175
-0.46531
-0.80939
-1.0373
-1.1488
-1.1696
-1.1371
-1.0858
-1.0388
-1.0062
-0.98793
-0.97975
-0.97705
-0.97732
-0.98082
-0.99061
-1.0115
-1.0472
-1.0962
-1.1461
-1.1709
-1.1348
-1.0015
-0.74927
-0.38501
0.049068
0.48004
0.82048
0.992
0.94861
0.69252
0.27708
-0.20419
-0.63961
-0.92652
-0.99647
-0.83208
-0.47155
0.00033371
0.47225
0.83275
0.99666
0.92527
0.63543
0.19563
-0.29025
-0.70752
-0.9579
-0.98278
-0.77709
-0.39029
0.085965
0.54036
0.86922
1.0015
0.91458
0.63688
0.23615
-0.20235
-0.60081
-0.90848
-1.1096
-1.2179
-1.2604
-1.2592
-1.2194
-1.1274
-0.96148
-0.70766
-0.37287
0.010831
0.39383
0.72449
0.96559
1.1045
1.1534
1.1406
1.0983
1.0519
1.016
0.99461
0.98565
0.98506
0.98902
0.99448
0.99912
1.0015
1.0014
1.0001
0.99922
0.99964
1.001
1.0017
1.0004
0.99645
0.99095
0.98586
0.98403
0.98921
1.006
1.0382
1.0852
1.1367
1.1694
1.1487
1.0373
0.80942
0.46542
0.040439
-0.39778
-0.76309
-0.97358
-0.97567
-0.76182
-0.37589
0.09578
0.54543
0.87095
1.0015
0.91403
0.63643
0.23607
-0.20204
-0.60025
-0.90815
-1.1105
-1.2214
-1.268
-1.2716
-1.2344
-1.1387
-0.95719
-0.67232
-0.2929
0.1379
0.54853
0.85746
0.99737
0.93646
0.68866
0.30916
-0.12323
-0.53026
-0.8559
-1.0778
-1.2046
-1.262
-1.2736
-1.2456
-1.1638
-1.0015
-0.73759
-0.37464
0.051065
0.47249
0.80808
0.98542
0.96382
0.74738
0.38393
-0.049663
-0.4703
-0.81122
-1.0369
-1.1459
-1.1631
-1.1259
-1.0706
-1.0242
-1.0023
-1.0102
-1.045
-1.095
-1.1387
-1.1461
-1.0838
-0.92586
-0.66521
-0.3202
0.067666
0.44555
0.76605
1.0015
1.1493
1.2258
1.2526
1.2415
1.1872
1.0705
0.87112
0.58274
0.22298
-0.16732
-0.53544
-0.83349
-1.033
-1.1313
-1.1479
-1.1148
-1.0641
-1.0214
-1.0019
-1.012
-1.0499
-1.1042
-1.1526
-1.1618
-1.0935
-0.91611
-0.61895
-0.2236
0.21452
0.61635
0.89942
1.0015
0.89942
0.61635
0.21452
-0.2236
-0.61895
-0.91611
-1.0935
-1.1618
-1.1526
-1.1042
-1.0499
-1.012
-1.0019
-1.0214
-1.0643
-1.1151
-1.1485
-1.1319
-1.0332
-0.83222
-0.53116
-0.15851
0.23661
0.59837
0.88086
1.0608
1.1409
1.1449
1.1058
1.055
1.0159
1.0015
1.0159
1.055
1.1058
1.1449
1.1409
1.0608
0.88086
0.59837
0.23661
-0.15851
-0.53115
-0.83221
-1.0332
-1.1319
-1.1486
-1.1154
-1.0648
-1.022
-1.0021
-1.0108
-1.0457
-1.0956
-1.1394
-1.1468
-1.0842
-0.92533
-0.6624
-0.31353
0.079111
0.46043
0.77889
1.0015
1.1214
1.1553
1.1339
1.0889
1.0437
1.0106
0.99196
0.98507
0.98582
0.9905
0.99615
1.0003
1.0014
0.99891
0.99378
0.98802
0.98432
0.98607
0.99759
1.0233
1.0649
1.1165
1.1602
1.1653
1.0944
0.91577
0.61833
0.2231
-0.21481
-0.61648
-0.89946
-1.0015
-0.89941
-0.61635
-0.21452
0.2236
0.61895
0.91611
1.0935
1.1618
1.1526
1.1042
1.0499
1.012
1.0019
1.0214
1.0643
1.1151
1.1485
1.1319
1.0332
0.83222
0.53116
0.15851
-0.23661
-0.59837
-0.88087
-1.0607
-1.1409
-1.1447
-1.1054
-1.0544
-1.0153
-1.0015
-1.0176
-1.0601
-1.1156
-1.1593
-1.1562
-1.0678
-0.86522
-0.54297
-0.12951
0.31286
0.69995
0.94699
0.99304
0.82048
0.46317
0.00033709
-0.46247
-0.81981
-0.99284
-0.94827
-0.70423
-0.32167
0.11588
0.52735
0.85548
1.0776
1.2024
1.2557
1.262
1.2303
1.1504
1.0015
0.76719
0.45005
0.077103
-0.306
-0.65001
-0.91877
-1.0994
-1.2016
-1.2461
-1.2497
-1.2144
-1.1255
-0.96191
-0.71051
-0.37921
-8.8081e-09
0.37921
0.71051
0.96191
1.1255
1.2144
1.2497
1.2461
1.2016
1.0994
0.91875
0.64994
0.30581
-0.077487
-0.45063
-0.76779
-1.0015
-1.1486
-1.2251
-1.2519
-1.2408
-1.1865
-1.0701
-0.87201
-0.58637
-0.23102
0.15413
0.51914
0.82111
1.0378
1.1712
1.2399
1.2638
1.2494
1.184
1.0416
0.79813
0.45036
0.028098
-0.40538
-0.76655
-0.97444
-0.97532
-0.76113
-0.3752
0.096453
0.54614
0.87158
1.0015
0.91228
0.63135
0.22625
-0.21643
-0.61551
-0.91525
-1.0948
-1.166
-1.1609
-1.1172
-1.0657
-1.0239
-0.99735
-0.98379
-0.97837
-0.97719
-0.97877
-0.98437
-0.99754
-1.0226
-1.0613
-1.1082
-1.1468
-1.1497
-1.0847
-0.92551
-0.66457
-0.31969
0.067965
0.44568
0.76608
1.0015
1.1493
1.2258
1.2526
1.2415
1.1872
1.0705
0.87114
0.58282
0.2232
-0.16689
-0.53482
-0.83295
-1.0332
-1.1336
-1.154
-1.1259
-1.0797
-1.0365
-1.0059
-0.98848
-0.98037
-0.97748
-0.97754
-0.98091
-0.99063
-1.0115
-1.0472
-1.0962
-1.1461
-1.1709
-1.1348
-1.0015
-0.74931
-0.38514
0.048772
0.47953
0.81985
0.99165
0.94948
0.69606
0.28489
-0.19143
-0.62394
-0.91469
-1.001
-0.86969
-0.55746
-0.13756
0.30253
0.68523
0.96102
1.1156
1.1654
1.145
1.0927
1.0399
1.0072
1.004
1.0313
1.0811
1.1356
1.1651
1.1324
1.0015
0.75164
0.39081
-0.038569
-0.46494
-0.8045
-0.98454
-0.96517
-0.75164
-0.39244
0.036223
0.45392
0.79884
1.0416
1.1857
1.2548
1.2743
1.2548
1.1857
1.0416
0.79886
0.45402
0.036482
-0.39196
-0.751
-0.9647
-0.98507
-0.80744
-0.47198
-0.050767
0.37477
0.73763
1.0015
1.1638
1.2456
1.2736
1.262
1.2046
1.0778
0.8559
0.53026
0.12323
-0.30917
-0.68867
-0.93647
-0.99737
-0.85741
-0.54837
-0.13755
0.29345
0.67295
0.95739
1.1374
1.2301
1.2625
1.2539
1.2051
1.1003
0.91841
0.64931
0.3053
-0.077779
-0.45076
-0.76782
-1.0015
-1.1487
-1.2252
-1.2522
-1.2413
-1.1871
-1.0705
-0.87115
-0.58283
-0.22321
0.16689
0.53482
0.83295
1.0332
1.1336
1.154
1.1259
1.0797
1.0365
1.0059
0.9885
0.98048
0.97774
0.97801
0.98154
0.99109
1.0109
1.0444
1.0894
1.1342
1.1555
1.1214
1.0015
0.77888
0.46043
0.079107
-0.31353
-0.6624
-0.92534
-1.0842
-1.1468
-1.1394
-1.0956
-1.0457
-1.0108
-1.0021
-1.022
-1.0647
-1.1151
-1.1481
-1.1313
-1.033
-0.83351
-0.53553
-0.16757
0.22251
0.58211
0.87067
1.071
1.19
1.2483
1.2644
1.2413
1.1627
1.0015
0.73647
0.37027
-0.06021
-0.48619
-0.82265
-0.99217
-0.94903
-0.69544
-0.28443
0.19168
0.62404
0.91472
1.001
0.86969
0.55745
0.13755
-0.30253
-0.68523
-0.96102
-1.1156
-1.1654
-1.145
-1.0927
-1.0399
-1.0072
-1.004
-1.0313
-1.0811
-1.1356
-1.1651
-1.1324
-1.0015
-0.75164
-0.39081
0.038569
0.46494
0.8045
0.98454
0.96517
0.75164
0.39244
-0.036218
-0.45391
-0.79883
-1.0416
-1.1858
-1.255
-1.2746
-1.2553
-1.1863
-1.0418
-0.79759
-0.44975
-0.027674
0.4056
0.76664
0.97445
0.97532
0.76112
0.3752
-0.096456
-0.54614
-0.87158
-1.0015
-0.91228
-0.63135
-0.22625
0.21643
0.61552
0.91526
1.0948
1.1659
1.1606
1.1168
1.065
1.0234
0.99759
0.98601
0.98415
0.98768
0.99323
0.99829
1.0012
1.0016
1.0004
0.99931
0.99945
1.0007
1.0017
1.0008
0.99741
0.99209
0.98672
0.98398
0.9874
1.0015
1.0304
1.0748
1.1267
1.1654
1.1584
1.068
0.86562
0.5458
0.13664
-0.30078
-0.685
-0.93573
-0.99732
-0.85576
-0.54299
-0.12706
0.30831
0.68745
0.96125
1.1151
1.1648
1.1446
1.0924
1.0398
1.0071
1.004
1.0313
1.0813
1.136
1.1657
1.133
1.0015
0.74987
0.3856
-0.048684
-0.47985
-0.82041
-0.99199
-0.94862
-0.69253
-0.27709
0.20418
0.6396
0.92651
0.99648
0.83214
0.47171
3.3991e-06
-0.4717
-0.83213
-0.99647
-0.92654
-0.63971
-0.20444
0.27661
0.69189
0.94816
0.99252
0.82335
0.48689
0.060886
-0.36956
-0.73585
-1.0015
-1.1644
-1.2463
-1.2742
-1.2627
-1.2053
-1.0781
-0.85502
-0.52671
-0.11541
0.32193
0.70434
0.9483
0.99284
0.8198
0.46246
-0.0003405
-0.46318
-0.82048
-0.99304
-0.94699
-0.69995
-0.31286
0.12952
0.54298
0.86523
1.0678
1.1561
1.1591
1.1152
1.0595
1.017
1.0015
1.017
1.0595
1.1152
1.1591
1.1561
1.0678
0.86521
0.54289
0.12929
-0.31329
-0.70057
-0.94754
-0.9928
-0.81816
-0.45708
0.010828
0.47803
0.83497
0.9969
0.92472
0.63473
0.19496
-0.29094
-0.70824
-0.95838
-0.98224
-0.77415
-0.38325
0.098166
0.5564
0.88323
1.0015
0.88323
0.5564
0.098163
-0.38325
-0.77416
-0.98224
-0.95836
-0.70816
-0.29072
0.19538
0.63533
0.92524
0.99667
0.83275
0.47225
0.0003371
-0.47155
-0.83208
-0.99647
-0.92652
-0.63961
-0.20419
0.27708
0.69253
0.94862
0.99199
0.82041
0.47985
0.048688
-0.3856
-0.74986
-1.0015
-1.1331
-1.1659
-1.1362
-1.0818
-1.032
-1.0044
-1.0063
-1.0363
-1.0846
-1.1318
-1.1492
-1.1033
-0.96578
-0.72511
-0.39438
-0.011168
0.37272
0.70761
0.96148
1.1274
1.2194
1.2592
1.2604
1.2179
1.1096
0.90849
0.60088
0.20254
-0.23577
-0.63629
-0.91398
-1.0015
-0.871
-0.54556
-0.09608
0.37538
0.76119
0.97533
0.97445
0.76663
0.4056
-0.027672
-0.44974
-0.79758
-1.0418
-1.1864
-1.2555
-1.275
-1.2555
-1.1864
-1.0418
-0.79756
-0.44964
-0.027413
0.40607
0.76726
0.97491
0.97479
0.75825
0.36834
-0.10827
-0.56159
-0.885
-1.0015
-0.88267
-0.55594
-0.098075
0.38293
0.77359
0.98191
0.95922
0.71169
0.29852
-0.18262
-0.61965
-0.91341
-1.0012
-0.87036
-0.55816
-0.13824
0.30182
0.68455
0.96082
1.1169
1.1698
1.1541
1.1068
1.0562
1.0174
0.99375
0.98221
0.97789
0.97729
0.97948
0.98625
1.0015
1.0293
1.0704
1.1173
1.1512
1.1431
1.0609
0.8813
0.60136
0.24418
-0.14558
-0.51498
-0.81987
-1.038
-1.1718
-1.2405
-1.2641
-1.2496
-1.1841
-1.0416
-0.79809
-0.45024
-0.027837
0.40585
0.76718
0.97489
0.9748
0.75826
0.36835
-0.10827
-0.56159
-0.885
-1.0015
-0.88267
-0.55594
-0.098077
0.38293
0.77359
0.98191
0.95924
0.71177
0.29874
-0.1822
-0.61905
-0.91288
-1.0014
-0.87258
-0.56394
-0.14872
0.28736
0.67063
0.95714
1.1379
1.2307
1.2629
1.2541
1.2052
1.1003
0.91841
0.6493
0.30529
-0.077782
-0.45076
-0.76782
-1.0015
-1.1487
-1.2252
-1.2522
-1.2413
-1.1871
-1.0705
-0.87115
-0.58283
-0.22321
0.16689
0.53482
0.83295
1.0332
1.1336
1.154
1.1259
1.0797
1.0365
1.0059
0.98848
0.98037
0.97748
0.97754
0.98091
0.99063
1.0115
1.0472
1.0962
1.1461
1.1709
1.1348
1.0015
0.74927
0.38501
-0.049068
-0.48004
-0.82048
-0.992
-0.94861
-0.69252
-0.27708
0.20419
0.63961
0.92652
0.99647
0.83208
0.47155
-0.00033371
-0.47225
-0.83275
-0.99666
-0.92527
-0.63543
-0.19563
0.29025
0.70752
0.9579
0.98278
0.77709
0.39029
-0.085965
-0.54036
-0.86922
-1.0015
-0.91458
-0.63688
-0.23615
0.20236
0.60082
0.90849
1.1096
1.2178
1.2602
1.2588
1.2188
1.1268
0.96172
0.70993
0.37881
-3.3991e-06
-0.37882
-0.70994
-0.96172
-1.1268
-1.2187
-1.2585
-1.2597
-1.2172
-1.1092
-0.90902
-0.60376
-0.2094
0.22395
0.62084
0.90057
1.0015
0.90057
0.62085
0.22396
-0.20939
-0.60375
-0.90902
-1.1092
-1.2173
-1.2599
-1.259
-1.2193
-1.1273
-0.96149
-0.70767
-0.37288
0.010828
0.39383
0.72449
0.96559
1.1045
1.1534
1.1406
1.0983
1.0519
1.016
0.99461
0.98565
0.98506
0.98902
0.99448
0.99912
1.0015
1.0014
1.0001
0.99922
0.99964
1.001
1.0017
1.0004
0.99645
0.99095
0.98586
0.98403
0.98921
1.006
1.0382
1.0852
1.1367
1.1694
1.1487
1.0373
0.8094
0.46532
0.040182
-0.39825
-0.76372
-0.97403
-0.97514
-0.75895
-0.36904
0.1076
0.56088
0.88437
1.0015
0.88442
0.56102
0.1079
-0.36854
-0.75833
-0.97481
-0.97488
-0.76717
-0.40584
0.027839
0.45025
0.79809
1.0416
1.1841
1.2496
1.2642
1.2405
1.1718
1.038
0.81984
0.51487
0.14532
-0.24465
-0.602
-0.88176
-1.0604
-1.1402
-1.1442
-1.1051
-1.0543
-1.0153
-1.0015
-1.0176
-1.06
-1.1153
-1.1588
-1.1555
-1.0675
-0.86609
-0.5465
-0.13732
0.30011
0.68429
0.93517
0.99756
0.85804
0.54893
0.1379
-0.29329
-0.67289
-0.95738
-1.1374
-1.2302
-1.2628
-1.2543
-1.2057
-1.1008
-0.91789
-0.64644
-0.29845
0.089597
0.46621
0.78124
1.0015
1.1191
1.1498
1.124
1.0748
1.029
1.0038
1.0068
1.037
1.0853
1.1325
1.1499
1.1038
0.96554
0.72278
0.38828
-8.8039e-09
-0.38828
-0.72278
-0.96554
-1.1038
-1.1499
-1.1325
-1.0853
-1.037
-1.0067
-1.0038
-1.0291
-1.075
-1.1244
-1.1504
-1.1196
-1.0015
-0.7795
-0.46114
-0.079783
0.31284
0.6617
0.92498
1.0851
1.1503
1.1472
1.1084
1.0614
1.0226
0.99755
0.98441
0.97892
0.97753
0.97892
0.98441
0.99755
1.0226
1.0614
1.1084
1.1472
1.1503
1.0851
0.92499
0.66177
0.31302
-0.079407
-0.46056
-0.77892
-1.0015
-1.1213
-1.1553
-1.1339
-1.0889
-1.0437
-1.0106
-0.99194
-0.98499
-0.98559
-0.99007
-0.99553
-0.9998
-1.0016
-1.0012
-0.99987
-0.99918
-0.99987
-1.0012
-1.0016
-0.9998
-0.99553
-0.99008
-0.9856
-0.985
-0.99195
-1.0106
-1.0437
-1.0887
-1.1336
-1.1548
-1.1208
-1.0015
-0.78062
-0.46551
-0.088925
0.29914
0.64714
0.91824
1.0999
1.2022
1.2465
1.25
1.2145
1.1256
0.96191
0.71055
0.37936
0.0003371
-0.37865
-0.70988
-0.96172
-1.1268
-1.2188
-1.2588
-1.2602
-1.2178
-1.1096
-0.9085
-0.60089
-0.20255
0.23577
0.63629
0.91398
1.0015
0.871
0.54556
0.09608
-0.37538
-0.76119
-0.97533
-0.97445
-0.76663
-0.4056
0.027677
0.44975
0.79759
1.0418
1.1863
1.2553
1.2746
1.255
1.1858
1.0416
0.79883
0.45391
0.036218
-0.39244
-0.75164
-0.96517
-0.98454
-0.8045
-0.46494
-0.038569
0.39081
0.75164
1.0015
1.1324
1.1651
1.1356
1.0812
1.0313
1.004
1.0072
1.0399
1.0925
1.1446
1.1648
1.1151
0.96125
0.6875
0.30847
-0.12673
-0.54244
-0.85514
-0.99713
-0.937
-0.68927
-0.30959
0.12301
0.53017
0.85588
1.0778
1.2046
1.262
1.2736
1.2456
1.1638
1.0015
0.73759
0.37464
-0.051065
-0.47249
-0.80808
-0.98542
-0.96382
-0.74738
-0.38393
0.049663
0.4703
0.81122
1.0369
1.1459
1.1631
1.1259
1.0706
1.0242
1.0023
1.0103
1.0451
1.0952
1.1392
1.1467
1.0842
0.92534
0.66241
0.31354
-0.079104
-0.46043
-0.77888
-1.0015
-1.1214
-1.1555
-1.1342
-1.0894
-1.0444
-1.0109
-0.99109
-0.98154
-0.97801
-0.97774
-0.98048
-0.9885
-1.0059
-1.0365
-1.0797
-1.1259
-1.154
-1.1336
-1.0332
-0.83295
-0.53482
-0.16689
0.2232
0.58282
0.87114
1.0705
1.1872
1.2415
1.2526
1.2258
1.1493
1.0015
0.76608
0.44568
0.067962
-0.31969
-0.66458
-0.92552
-1.0846
-1.1496
-1.1466
-1.1077
-1.0607
-1.0221
-0.99778
-0.98664
-0.98471
-0.98802
-0.9934
-0.99835
-1.0012
-1.0016
-1.0003
-0.99904
-0.99898
-1.0001
-1.0012
-1.0014
-1.0003
-0.99913
-0.99892
-1
-1.0014
-1.0015
-0.99909
-0.99436
-0.98872
-0.98455
-0.98501
-0.99426
-1.0169
-1.0556
-1.1063
-1.1538
-1.1697
-1.1169
-0.96082
-0.68456
-0.30183
0.13823
0.55816
0.87036
1.0012
0.91343
0.61976
0.18287
-0.29806
-0.71106
-0.95877
-0.98244
-0.77646
-0.38978
0.086257
0.54048
0.86925
1.0015
0.91461
0.63701
0.23645
-0.20185
-0.60018
-0.90814
-1.1105
-1.2215
-1.2682
-1.272
-1.2351
-1.1392
-0.95695
-0.67005
-0.28696
0.14872
0.56355
0.87201
1.0012
0.91417
0.62342
0.19125
-0.28465
-0.69552
-0.94904
-0.99217
-0.82271
-0.48637
-0.060583
0.3697
0.73589
1.0015
1.1644
1.2462
1.2739
1.2622
1.2047
1.0778
0.85587
0.53017
0.123
-0.30959
-0.68928
-0.937
-0.99713
-0.85514
-0.54244
-0.12673
0.30847
0.6875
0.96125
1.1151
1.1648
1.1446
1.0924
1.0398
1.0071
1.004
1.0313
1.0813
1.136
1.1657
1.133
1.0015
0.74987
0.3856
-0.048681
-0.47984
-0.8204
-0.99198
-0.94864
-0.69261
-0.27731
0.20376
0.63899
0.92598
0.99671
0.83441
0.47764
0.010831
-0.45668
-0.81758
-0.99261
-0.94883
-0.70494
-0.32235
0.1152
0.52664
0.85501
1.0781
1.2052
1.2626
1.2739
1.2458
1.1638
1.0015
0.73762
0.37476
-0.050773
-0.47199
-0.80745
-0.98508
-0.96469
-0.75092
-0.39175
0.036901
0.45463
0.79939
1.0414
1.1835
1.249
1.2638
1.2403
1.1718
1.038
0.81985
0.51488
0.14533
-0.24464
-0.60199
-0.88175
-1.0604
-1.1403
-1.1444
-1.1055
-1.0549
-1.0159
-1.0015
-1.0159
-1.0549
-1.1055
-1.1444
-1.1403
-1.0604
-0.88173
-0.6019
-0.24442
0.14575
0.51548
0.82038
1.0377
1.1696
1.2346
1.2533
1.2346
1.1696
1.0377
0.82038
0.51548
0.14575
-0.24442
-0.6019
-0.88173
-1.0604
-1.1403
-1.1444
-1.1055
-1.0549
-1.0159
-1.0015
-1.0159
-1.055
-1.1058
-1.1449
-1.1409
-1.0608
-0.88086
-0.59837
-0.23661
0.15851
0.53115
0.83221
1.0332
1.1319
1.1487
1.1154
1.0648
1.022
1.0021
1.0108
1.0456
1.0954
1.139
1.1462
1.0838
0.92585
0.6652
0.3202
-0.067669
-0.44555
-0.76605
-1.0015
-1.1493
-1.2258
-1.2526
-1.2415
-1.1872
-1.0705
-0.87112
-0.58274
-0.22298
0.16732
0.53544
0.83349
1.033
1.1313
1.1479
1.1148
1.0641
1.0214
1.0019
1.012
1.0499
1.1042
1.1526
1.1618
1.0935
0.91611
0.61895
0.2236
-0.21452
-0.61635
-0.89941
-1.0015
-0.89946
-0.61648
-0.21482
0.22309
0.61832
0.91577
1.0944
1.1654
1.1604
1.117
1.0656
1.0239
0.99735
0.98375
0.97822
0.97686
0.97822
0.98374
0.99735
1.0239
1.0657
1.1172
1.1609
1.166
1.0948
0.91525
0.61551
0.21642
-0.22625
-0.63136
-0.91229
-1.0015
-0.87154
-0.54601
-0.09616
0.37571
0.76175
0.97566
0.97359
0.7631
0.39779
-0.040436
-0.46542
-0.80942
-1.0373
-1.1487
-1.1694
-1.1367
-1.0852
-1.0382
-1.006
-0.98923
-0.98413
-0.98612
-0.99142
-0.99709
-1.0008
-1.0012
-0.99805
-0.99261
-0.98702
-0.98411
-0.98744
-1.0015
-1.0304
-1.0748
-1.1267
-1.1654
-1.1584
-1.068
-0.86563
-0.5458
-0.13664
0.30078
0.68499
0.93572
0.99733
0.85581
0.54314
0.1274
-0.30776
-0.68682
-0.96105
-1.1164
-1.1692
-1.1537
-1.1066
-1.0561
-1.0174
-0.99374
-0.98215
-0.9777
-0.97691
-0.97889
-0.98566
-1.0015
-1.0311
-1.0756
-1.1274
-1.1661
-1.159
-1.0684
-0.86477
-0.54234
-0.12904
0.31312
0.70006
0.94702
0.99303
0.82047
0.46317
0.00033371
-0.46247
-0.81981
-0.99284
-0.94827
-0.70424
-0.32167
0.11588
0.52734
0.85548
1.0776
1.2024
1.2559
1.2624
1.2309
1.151
1.0015
0.76546
0.44497
0.067286
-0.32039
-0.66528
-0.92587
-1.0838
-1.1461
-1.1387
-1.095
-1.045
-1.0102
-1.0023
-1.0243
-1.0708
-1.1263
-1.1637
-1.1465
-1.0371
-0.80993
-0.46592
-0.040598
0.39804
0.76364
0.97402
0.97514
0.75889
0.36886
-0.10798
-0.56147
-0.88497
-1.0015
-0.88264
-0.55581
-0.097786
0.38343
0.77422
0.98225
0.95837
0.70823
0.29093
-0.19496
-0.63473
-0.92472
-0.9969
-0.83497
-0.47803
-0.010828
0.45708
0.81816
0.9928
0.94754
0.70057
0.31329
-0.12929
-0.54288
-0.8652
-1.0679
-1.1562
-1.1593
-1.1156
-1.0601
-1.0176
-1.0015
-1.0153
-1.0544
-1.1054
-1.1447
-1.1408
-1.0607
-0.88089
-0.59846
-0.23684
0.15808
0.53054
0.83168
1.0334
1.1342
1.1546
1.1263
1.0799
1.0366
1.0059
0.98847
0.98036
0.97748
0.97754
0.98092
0.99064
1.0115
1.0472
1.096
1.1457
1.1703
1.1342
1.0015
0.75104
0.39022
-0.038953
-0.46513
-0.80457
-0.98455
-0.96516
-0.75163
-0.39243
0.036221
0.45391
0.79883
1.0416
1.1858
1.255
1.2746
1.2553
1.1863
1.0418
0.79759
0.44975
0.027674
-0.4056
-0.76664
-0.97445
-0.97532
-0.76112
-0.3752
0.096456
0.54614
0.87158
1.0015
0.91228
0.63135
0.22625
-0.21643
-0.61551
-0.91525
-1.0948
-1.166
-1.1609
-1.1172
-1.0657
-1.0239
-0.99735
-0.98374
-0.97822
-0.97686
-0.97822
-0.98375
-0.99735
-1.0239
-1.0656
-1.117
-1.1604
-1.1653
-1.0944
-0.91578
-0.61838
-0.22328
0.21444
0.6159
0.89887
1.0015
0.90115
0.62142
0.22433
-0.20921
-0.60368
-0.90901
-1.1092
-1.2173
-1.2599
-1.259
-1.2193
-1.1273
-0.96149
-0.70767
-0.37288
0.010825
0.39382
0.72448
0.96559
1.1046
1.1535
1.1409
1.0987
1.0526
1.0165
0.9941
0.98285
0.9784
0.97758
0.97961
0.98628
1.0015
1.0293
1.0705
1.1176
1.1518
1.1438
1.0613
0.88041
0.59774
0.23614
-0.15877
-0.53126
-0.83224
-1.0332
-1.1319
-1.1486
-1.1154
-1.0648
-1.022
-1.0021
-1.0108
-1.0456
-1.0954
-1.139
-1.1462
-1.0838
-0.92586
-0.66527
-0.32038
0.067293
0.44498
0.76547
1.0015
1.151
1.2308
1.2621
1.2554
1.2018
1.0773
0.85633
0.53079
0.12347
-0.30934
-0.68917
-0.93697
-0.99713
-0.85515
-0.54244
-0.12673
0.30847
0.6875
0.96125
1.1151
1.1648
1.1446
1.0925
1.0399
1.0072
1.004
1.0313
1.0812
1.1356
1.1651
1.1325
1.0015
0.7516
0.39068
-0.038865
-0.46545
-0.80513
-0.98488
-0.9643
-0.7481
-0.38463
0.048984
0.46959
0.81067
1.0371
1.1481
1.1689
1.1364
1.0851
1.0382
1.006
0.98922
0.98403
0.98586
0.99095
0.99645
1.0004
1.0017
1.001
0.99964
0.99922
1.0001
1.0014
1.0015
0.99911
0.99448
0.98902
0.98506
0.98564
0.99461
1.016
1.052
1.0985
1.1411
1.1541
1.1051
0.96535
0.72217
0.38774
-0.00033711
-0.38844
-0.72284
-0.96554
-1.1038
-1.1498
-1.1323
-1.0849
-1.0364
-1.0063
-1.0044
-1.032
-1.0818
-1.1362
-1.1659
-1.1331
-1.0015
-0.74986
-0.3856
0.048685
0.47984
0.8204
0.99198
0.94864
0.69261
0.27731
-0.20376
-0.639
-0.92599
-0.99671
-0.83435
-0.47748
-0.010491
0.45724
0.81821
0.9928
0.94753
0.70056
0.31329
-0.12929
-0.54288
-0.8652
-1.0679
-1.1562
-1.1593
-1.1156
-1.0601
-1.0176
-1.0015
-1.0153
-1.0544
-1.1054
-1.1447
-1.1409
-1.0607
-0.88087
-0.59838
-0.23662
0.15851
0.53115
0.83221
1.0332
1.1319
1.1486
1.1154
1.0648
1.022
1.0021
1.0108
1.0457
1.0956
1.1394
1.1468
1.0842
0.92532
0.66233
0.31334
-0.079487
-0.46101
-0.77947
-1.0015
-1.1197
-1.1504
-1.1244
-1.075
-1.0291
-1.0038
-1.0067
-1.037
-1.0853
-1.1325
-1.1499
-1.1038
-0.96554
-0.72283
-0.38844
-0.00033711
0.38773
0.72216
0.96534
1.1051
1.1542
1.1413
1.099
1.0527
1.0165
0.99408
0.98277
0.97821
0.9772
0.97903
0.9857
1.0015
1.031
1.0754
1.1271
1.1656
1.1584
1.068
0.86564
0.54588
0.13686
-0.30036
-0.68439
-0.93519
-0.99756
-0.85803
-0.54892
-0.1379
0.29329
0.67289
0.95738
1.1374
1.2302
1.2628
1.2543
1.2057
1.1008
0.91789
0.64644
0.29845
-0.089597
-0.46621
-0.78124
-1.0015
-1.1191
-1.1498
-1.124
-1.0748
-1.029
-1.0038
-1.0067
-1.0369
-1.0851
-1.1321
-1.1493
-1.1033
-0.96577
-0.72505
-0.39421
-0.010824
0.37327
0.70824
0.96167
1.1261
1.215
1.2502
1.2463
1.2017
1.0995
0.91875
0.64993
0.3058
-0.077486
-0.45063
-0.76778
-1.0015
-1.1487
-1.2252
-1.2522
-1.2413
-1.1871
-1.0705
-0.87115
-0.58283
-0.2232
0.16689
0.53483
0.83296
1.0332
1.1335
1.1539
1.1256
1.0791
1.0359
1.0057
0.98978
0.98475
0.98654
0.99164
0.99716
1.0008
1.0012
0.99811
0.99279
0.9874
0.98469
0.98803
1.0015
1.0287
1.0698
1.1169
1.1511
1.1431
1.0609
0.88129
0.60129
0.24396
-0.14601
-0.51559
-0.82041
-1.0377
-1.1695
-1.2344
-1.253
-1.234
-1.1689
-1.0375
-0.82167
-0.51986
-0.15481
0.23033
0.58565
0.87154
1.0707
1.1894
1.2478
1.2641
1.2411
1.1626
1.0015
0.73645
0.37015
-0.060502
-0.4867
-0.82328
-0.99251
-0.94816
-0.6919
-0.27662
0.20444
0.63971
0.92655
0.99647
0.83208
0.47154
-0.00033709
-0.47225
-0.83275
-0.99666
-0.92527
-0.63543
-0.19563
0.29025
0.70752
0.9579
0.98278
0.77709
0.39029
-0.085965
-0.54036
-0.86922
-1.0015
-0.91458
-0.63688
-0.23615
0.20236
0.60082
0.90849
1.1096
1.2178
1.2602
1.2588
1.2188
1.1268
0.96172
0.70988
0.37865
-0.00033711
-0.37936
-0.71055
-0.96191
-1.1256
-1.2145
-1.25
-1.2465
-1.2022
-1.0999
-0.91824
-0.64714
-0.29914
0.088925
0.46551
0.78062
1.0015
1.1208
1.1548
1.1336
1.0887
1.0437
1.0106
0.99195
0.985
0.9856
0.99008
0.99554
0.9998
1.0016
1.0012
0.99972
0.99885
0.99932
1.0006
1.0015
1.0011
0.99981
0.99888
0.99923
1.0006
1.0017
1.0008
0.99742
0.9921
0.98672
0.98397
0.9874
1.0015
1.0305
1.075
1.127
1.166
1.159
1.0684
0.86476
0.54226
0.12883
-0.31354
-0.70067
-0.94755
-0.9928
-0.8182
-0.45723
0.010494
0.47749
0.83436
0.99671
0.92599
0.639
0.20376
-0.27731
-0.69261
-0.94864
-0.99198
-0.8204
-0.47984
-0.048685
0.3856
0.74986
1.0015
1.1331
1.1659
1.1362
1.0818
1.032
1.0044
1.0063
1.0364
1.0849
1.1323
1.1498
1.1038
0.96554
0.72279
0.38829
3.3903e-06
-0.38828
-0.72278
-0.96554
-1.1038
-1.1499
-1.1325
-1.0853
-1.037
-1.0067
-1.0038
-1.0291
-1.075
-1.1244
-1.1504
-1.1196
-1.0015
-0.7795
-0.46114
-0.079783
0.31284
0.6617
0.92498
1.0851
1.1503
1.1472
1.1084
1.0614
1.0226
0.99755
0.98441
0.97892
0.97753
0.97892
0.98441
0.99755
1.0226
1.0614
1.1084
1.1472
1.1503
1.0851
0.92498
0.6617
0.31283
-0.079787
-0.46115
-0.77951
-1.0015
-1.1196
-1.1503
-1.1241
-1.0745
-1.0285
-1.0035
-1.0076
-1.0405
-1.0929
-1.1449
-1.1649
-1.1151
-0.96125
-0.68749
-0.30846
0.12673
0.54244
0.85515
0.99713
0.93697
0.68917
0.30934
-0.12347
-0.53079
-0.85633
-1.0773
-1.2018
-1.2554
-1.2621
-1.2308
-1.151
-1.0015
-0.7655
-0.44511
-0.067586
0.31988
0.66465
0.92553
1.0846
1.1496
1.1465
1.1077
1.0607
1.0221
0.99779
0.98669
0.98487
0.98836
0.99394
0.99897
1.0014
1.0003
0.99604
0.99024
0.98535
0.98446
0.99151
1.0111
1.0465
1.0955
1.1454
1.1702
1.1342
1.0015
0.75105
0.39023
-0.038949
-0.46513
-0.80457
-0.98455
-0.96516
-0.75163
-0.39243
0.036225
0.45392
0.79884
1.0416
1.1857
1.2548
1.2743
1.2548
1.1857
1.0416
0.79886
0.45402
0.036482
-0.39196
-0.751
-0.9647
-0.98507
-0.80744
-0.47198
-0.050771
0.37476
0.73762
1.0015
1.1638
1.2458
1.2739
1.2626
1.2052
1.0781
0.85501
0.52664
0.1152
-0.32235
-0.70495
-0.94884
-0.9926
-0.81753
-0.45653
0.011165
0.47818
0.83502
0.9969
0.92473
0.63482
0.19521
-0.29047
-0.70761
-0.95792
-0.98277
-0.77709
-0.39028
0.085968
0.54036
0.86922
1.0015
0.91458
0.63688
0.23615
-0.20235
-0.60081
-0.90848
-1.1096
-1.2179
-1.2604
-1.2592
-1.2194
-1.1274
-0.96148
-0.70766
-0.37287
0.010831
0.39383
0.72449
0.96559
1.1045
1.1534
1.1406
1.0983
1.0519
1.016
0.99461
0.98565
0.98506
0.98902
0.99448
0.99912
1.0015
1.0014
1.0001
0.99921
0.99964
1.001
1.0017
1.0004
0.99654
0.99117
0.98629
0.98464
0.98975
1.0057
1.0359
1.0791
1.1256
1.1539
1.1335
1.0332
0.83296
0.53483
0.16689
-0.2232
-0.58283
-0.87115
-1.0705
-1.1871
-1.2413
-1.2522
-1.2252
-1.1487
-1.0015
-0.76782
-0.45076
-0.077779
0.3053
0.64931
0.91841
1.1003
1.2051
1.2539
1.2625
1.2301
1.1374
0.95739
0.67295
0.29345
-0.13755
-0.54837
-0.85741
-0.99737
-0.93647
-0.68867
-0.30917
0.12323
0.53026
0.8559
1.0778
1.2046
1.262
1.2736
1.2456
1.1638
1.0015
0.73763
0.37477
-0.050767
-0.47198
-0.80744
-0.98507
-0.9647
-0.751
-0.39197
0.036478
0.45402
0.79885
1.0416
1.1857
1.255
1.2746
1.2554
1.1863
1.0418
0.79756
0.44964
0.02742
-0.40606
-0.76726
-0.9749
-0.9748
-0.75832
-0.36853
0.10789
0.56101
0.88441
1.0015
0.88441
0.56101
0.10789
-0.36853
-0.75832
-0.9748
-0.9749
-0.76726
-0.40606
0.02742
0.44964
0.79756
1.0418
1.1863
1.2554
1.2746
1.255
1.1858
1.0416
0.79883
0.45391
0.036221
-0.39243
-0.75163
-0.96516
-0.98455
-0.80457
-0.46513
-0.038953
0.39022
0.75104
1.0015
1.1342
1.1703
1.1457
1.096
1.0472
1.0115
0.99064
0.98092
0.97754
0.97748
0.98036
0.98847
1.0059
1.0366
1.0799
1.1263
1.1546
1.1342
1.0334
0.83168
0.53055
0.15809
-0.23683
-0.59845
-0.88088
-1.0607
-1.1409
-1.1449
-1.1058
-1.055
-1.0159
-1.0015
-1.0159
-1.0549
-1.1055
-1.1444
-1.1403
-1.0604
-0.88175
-0.60199
-0.24464
0.14532
0.51487
0.81984
1.038
1.1718
1.2405
1.2642
1.2496
1.1841
1.0416
0.79809
0.45024
0.027837
-0.40585
-0.76718
-0.97489
-0.9748
-0.75826
-0.36835
0.10827
0.56159
0.885
1.0015
0.88267
0.55594
0.098077
-0.38293
-0.77359
-0.98191
-0.95924
-0.71177
-0.29874
0.18219
0.61904
0.91287
1.0014
0.87263
0.5641
0.14906
-0.28681
-0.67001
-0.95695
-1.1392
-1.235
-1.2717
-1.2677
-1.2208
-1.1101
-0.90866
-0.60305
-0.2087
0.22463
0.62155
0.90119
1.0015
0.89886
0.61589
0.21443
-0.22328
-0.61838
-0.91578
-1.0944
-1.1653
-1.1604
-1.117
-1.0655
-1.0239
-0.99736
-0.9838
-0.97838
-0.97719
-0.97877
-0.98436
-0.99754
-1.0226
-1.0614
-1.1084
-1.1472
-1.1503
-1.0851
-0.92499
-0.66177
-0.31302
0.079407
0.46056
0.77892
1.0015
1.1213
1.1553
1.1339
1.0889
1.0437
1.0106
0.99196
0.98507
0.98582
0.9905
0.99615
1.0003
1.0014
0.99891
0.99378
0.98802
0.98431
0.98606
0.99759
1.0234
1.065
1.1168
1.1606
1.1659
1.0948
0.91526
0.61552
0.21643
-0.22625
-0.63135
-0.91228
-1.0015
-0.87158
-0.54614
-0.096456
0.3752
0.76112
0.97532
0.97445
0.76664
0.4056
-0.027674
-0.44975
-0.79759
-1.0418
-1.1863
-1.2553
-1.2746
-1.255
-1.1858
-1.0416
-0.79883
-0.45391
-0.036221
0.39243
0.75163
0.96516
0.98455
0.80457
0.46513
0.038953
-0.39022
-0.75104
-1.0015
-1.1342
-1.1703
-1.1457
-1.0961
-1.0472
-1.0115
-0.99062
-0.98083
-0.97732
-0.97706
-0.97975
-0.98793
-1.0062
-1.0388
-1.0858
-1.1371
-1.1696
-1.1488
-1.0373
-0.80939
-0.46531
-0.040175
0.39826
0.76373
0.97404
0.97513
0.75888
0.36885
-0.10798
-0.56146
-0.88496
-1.0015
-0.88268
-0.55594
-0.098079
0.38293
0.77359
0.98191
0.95922
0.71169
0.29852
-0.18262
-0.61966
-0.91342
-1.0012
-0.87031
-0.55801
-0.1379
0.30237
0.68518
0.96101
1.1156
1.1655
1.145
1.0927
1.0399
1.0072
1.004
1.0313
1.0813
1.1359
1.1657
1.133
1.0015
0.7499
0.38573
-0.048388
-0.47934
-0.81978
-0.99164
-0.94949
-0.69607
-0.2849
0.19142
0.62393
0.91468
1.001
0.86975
0.55762
0.1379
-0.30198
-0.68461
-0.96082
-1.1169
-1.1697
-1.1538
-1.1063
-1.0556
-1.0169
-0.99426
-0.98501
-0.98455
-0.98872
-0.99436
-0.99909
-1.0015
-1.0014
-1
-0.99892
-0.99914
-1.0004
-1.0014
-1.0012
-0.99999
-0.99876
-0.99863
-0.99971
-1.001
-1.0015
-1.0006
-0.99917
-0.99851
-0.99917
-1.0006
-1.0015
-1.0011
-0.99982
-0.99889
-0.99923
-1.0006
-1.0017
-1.0008
-0.99742
-0.9921
-0.98672
-0.98397
-0.9874
-1.0015
-1.0305
-1.075
-1.127
-1.166
-1.159
-1.0684
-0.86476
-0.54226
-0.12883
0.31355
0.70068
0.94756
0.99279
0.81815
0.45708
-0.010828
-0.47803
-0.83497
-0.9969
-0.92474
-0.63483
-0.19522
0.29046
0.70761
0.95792
0.98277
0.77709
0.39029
-0.085964
-0.54035
-0.86921
-1.0015
-0.91462
-0.63701
-0.23645
0.20185
0.60018
0.90814
1.1105
1.2214
1.2681
1.2718
1.2348
1.1389
0.95707
0.67116
0.28985
-0.14348
-0.55632
-0.86505
-0.9994
-0.92466
-0.65385
-0.24568
0.21099
0.62102
0.90757
1.0298
0.98909
0.82248
0.58774
0.34485
0.14056
